0.9795918367346939
0.9949748743718593
0.9949748743718593
1.0
0.9743589743589743
0.9847715736040609
1.0
0.9847715736040609
0.9690721649484536
0.9473684210526316
0.9949748743718593
0.9949748743718593
0.9847715736040609
0.98989898989899
1.0
0.9795918367346939
0.9795918367346939
0.9743589743589743
0.98989898989899
0.9690721649484536
0.98989898989899
0.9743589743589743
0.9949748743718593
1.0
1.0
0.9795918367346939
0.9690721649484536
0.9743589743589743
0.98989898989899
1.0
0.98989898989899
0.9637305699481865
0.9795918367346939
0.98989898989899
0.9795918367346939
0.9690721649484536
0.98989898989899
0.9795918367346939
0.9304812834224598
0.9847715736040609
0.98989898989899
0.98989898989899
0.98989898989899
1.0
0.98989898989899
0.9795918367346939
0.9949748743718593
0.9743589743589743
0.9847715736040609
AverageScore0v0: 0.9838570306740786
0.98989898989899
0.9949748743718593
0.98989898989899
1.0
1.0
0.9949748743718593
1.0
0.9949748743718593
0.9637305699481865
1.0
1.0
0.9949748743718593
0.98989898989899
0.9847715736040609
0.9949748743718593
0.98989898989899
1.0
0.9847715736040609
0.9949748743718593
1.0
1.0
1.0
1.0
0.98989898989899
1.0
0.9795918367346939
1.0
0.9949748743718593
0.98989898989899
0.9949748743718593
0.98989898989899
1.0
0.9847715736040609
0.9949748743718593
0.9847715736040609
1.0
0.9949748743718593
0.9847715736040609
1.0
0.9949748743718593
1.0
0.98989898989899
0.9949748743718593
1.0
1.0
0.98989898989899
0.9743589743589743
0.9949748743718593
0.9795918367346939
AverageScore0v1: 0.9931611298310595
0.9743589743589743
1.0
1.0
1.0
0.9847715736040609
1.0
1.0
1.0
0.9949748743718593
0.9949748743718593
0.9690721649484536
0.9189189189189189
1.0
1.0
1.0
0.9847715736040609
0.9637305699481865
1.0
0.9473684210526316
1.0
1.0
0.9847715736040609
0.98989898989899
0.9949748743718593
1.0
1.0
1.0
0.98989898989899
1.0
0.9637305699481865
0.9949748743718593
1.0
0.9847715736040609
1.0
0.9743589743589743
1.0
1.0
1.0
0.9417989417989419
1.0
1.0
1.0
0.9949748743718593
1.0
1.0
0.9528795811518325
0.9743589743589743
0.9949748743718593
0.9949748743718593
AverageScore1v1: 0.9890670303196183
