Limited to 0-1
5.979373420360424e+23,
50.126275748791045,
43.5250956004809,
34.487543745093966,
32.645293513360585,
32.03551777044239,
31.683369996830987,
30.650641785960644,
31.45179958040177,

5.979373420360424e+23,
50.126275748791045,
43.52509560047904,
34.48437507649491,
32.64543040995764,
31.989185605694544,
31.688660887791976,
31.508846151532232,
30.864387055571864,

Unlimited
5.873787269354354e+23,
9.104420137063755e+20,
7.858559560442176e+20,
6.387655491610979e+20,
6.057154656463707e+20,
5.931130221440068e+20,
5.796308557074183e+20,
5.761655430897655e+20,
5.6822507396987775e+20,

5.873787269354354e+23,
9.104420137063755e+20,
7.858559560442176e+20,
6.387020842854504e+20,
6.057154656463669e+20,
5.931008224014067e+20,
5.7938312546261107e+20,
5.758685048873075e+20,
5.7364768650987975e+20,